78
190
221
749
19
969
871
528
156
46
180
985
380
868
636
718
805
323
825
848
343
760
855
516
485
23
892
13
454
933
972
984
679
734
386
461
485
352
157
381
376
427
489
409
249
371
103
51
611
243
678
71
18
200
57
697
259
745
311
618
989
803
257
412
849
697
693
180
723
268
498
823
801
707
606
503
874
294
286
23
843
17
225
718
654
240
783
512
511
167
597
976
763
144
275
387
784
820
641
421
739
999
740
486
878
615
427
345
822
760
793
432
780
911
767
765
556
814
818
420
723
867
336
409
36
636
657
65
15
604
652
112
910
465
640
103
521
443
912
975
117
367
962
571
558
431
113
221
536
366
573
658
985
356
825
359
207
767
811
276
392
327
116
136
43
523
773
254
173
273
192
57
836
702
824
668
535
383
550
848
373
923
719
885
197
147
607
998
939
933
53
676
388
134
979
165
747
212
190
728
247
530
829
1
328
334
842
46
510
352
199
708
893
516
518
1
247
569
935
34
677
664
503
793
583
324
660
956
458
32
482
979
621
192
301
874
411
811
64
717
777
290
533
396
725
424
537
566
179
415
979
460
948
365
738
173
60
810
466
297
13
673
92
760
899
333
734
235
86
998
414
35
693
861
451
521
2
23
388
13
966
940
212
931
57
461
684
954
944
388
729
512
406
584
813
824
501
775
470
581
132
877
249
1000
597
724
196
81
542
66
908
580
143
632
576
470
704
84
804
602
844
577
518
753
856
421
964
610
76
167
222
374
3
955
282
464
280
710
975
321
176
110
519
680
749
902
677
963
883
498
101
783
722
934
700
221
776
666
848
973
208
17
523
119
747
844
451
233
282
779
377
930
185
860
369
602
259
231
171
881
937
805
133
838
867
705
720
166
980
3
387
468
456
101
89
75
684
669
904
632
332
959
479
807
493
70
975
205
904
82
598
408
344
949
852
381
293
120
566
721
710
111
422
999
965
596
141
831
105
569
965
482
653
954
664
197
682
115
192
537
424
899
240
729
589
971
991
384
875
93
935
853
628
936
483
77
90
781
954
833
104
550
721
862
156
294
904
986
314
615
711
976
816
475
997
813
868
272
957
50
638
615
653
954
729
374
331
287
60
495
917
520
439
531
944
864
759
973
458
265
885
174
526
608
311
64
211
277
974
2
182
337
379
304
149
574
540
749
616
291
261
856
828
789
675
54
565
827
411
456
84
571
168
367
711
886
746
964
419
123
364
994
744
863
703
711
472
473
571
389
66
3
413
624
442
810
868
322
419
287
388
447
334
302
644
344
200
825
812
543
322
274
698
540
810
506
870
621
813
163
394
424
561
879
252
363
62
528
756
245
317
317
244
199
107
488
953
658
675
933
910
595
17
756
431
730
610
687
918
401
500
427
891
280
314
213
698
520
988
612
621
888
72
991
886
949
694
648
991
920
95
991
465
37
101
928
629
930
378
266
823
90
733
447
691
267
610
60
792
961
18
642
496
93
562
150
975
765
828
91
27
498
116
784
13
545
380
246
411
705
433
828
223
978
494
464
647
443
919
165
576
828
637
599
70
754
667
116
476
279
958
951
994
518
761
185
56
289
883
886
11
768
635
233
255
604
667
48
865
920
591
626
577
510
844
701
753
594
191
969
373
787
457
148
922
522
800
830
18
404
344
872
111
256
463
674
491
942
643
213
644
498
323
783
302
788
42
35
470
797
990
624
390
996
132
189
510
675
834
557
883
262
47
389
679
178
184
838
798
403
34
366
329
976
97
520
351
822
419
266
815
790
484
347
802
912
118
163
760
901
679
604
303
946
211
910
741
651
620
129
648
716
645
268
399
885
258
922
402
265
401
781
165
445
354
393
618
634
36
845
270
644
406
846
99
589
824
778
651
539
144
766
64
990
163
770
69
821
979
167
80
176
458
586
949
210
861
401
626
824
951
740
33
213
501
166
244
862
875
28
269
693
9
895
213
786
487
6
500
698
949
926
506
637
957
13
485
375
771
858
309
693
372
231
840
28
659
404
620
841
887
686
150
882
346
197
379
433
234
502
397
602
41
230
85
468
332
958
202
131
732
859
820
599
501
451
755
246
883
58
866
196
177
440
881
166
942
896
147
638
981
522
143
407
546
202
155
59
422
191
398
110
610
425
972
579
997
407
355
979
843
547
571
342
986
789
219
73
735
289
529
544
288
899
743
735
768
994
504
268
511
131
825
834
268
170
210
770
810
441
879
537
493
46
36
922
306
861
90
457
256
227
706
640
739
446
208
590
30
568
